0,0,1,2,3,4,5,6,7,8,0,1,2,3,4,5,6,7,8,9,10,11,12,13,14,15,16,17,18,19,20,21,22,23,24,25,25,36,37,38,30,31,31,42,43,44,36,37,38,39,40,41,41,43,44,45,46,47,47,58,50,51,52,53,54,55,56,57,58,59,60,61,62,63,64,65,66,67,68,69,70,71,72,73,74,75,76,77,78,78,80,81,82,83,84,85,86,87,87,89
1,1,1,2,3,4,5,6,7,8,0,1,2,3,4,5,6,7,8,9,10,11,12,13,14,15,16,17,18,19,20,21,22,23,24,25,25,36,37,38,30,31,31,42,43,44,36,37,38,39,40,41,41,43,44,45,46,47,47,58,50,51,52,53,54,55,56,57,58,59,60,61,62,63,64,65,66,67,68,69,70,71,72,73,74,75,76,77,78,78,80,81,82,83,84,85,86,87,87,89
1,2,2,2,3,4,5,6,7,8,0,1,2,3,4,5,6,7,8,9,10,11,12,13,14,15,16,17,18,19,20,21,22,23,24,25,25,36,37,38,30,31,32,33,34,35,36,37,38,39,40,41,42,43,44,45,46,47,47,58,50,51,52,53,54,55,56,57,58,59,60,61,62,63,64,65,66,67,68,69,70,71,72,73,74,75,76,77,78,78,80,81,82,83,84,85,86,87,87,89
1,2,3,3,3,4,5,6,7,8,0,1,2,3,4,5,6,7,8,9,10,11,12,13,14,15,16,17,18,19,20,21,22,23,24,25,25,36,37,38,30,31,32,33,34,35,36,37,38,39,40,41,42,43,44,45,46,47,47,58,50,51,52,53,54,55,56,57,58,59,60,61,62,63,64,65,66,67,68,69,70,71,72,73,74,75,76,77,78,78,80,81,82,83,84,85,86,87,87,89
1,2,3,4,4,4,5,6,7,8,0,1,2,3,4,5,6,7,8,9,10,11,12,13,14,15,16,17,18,19,20,21,22,23,24,25,25,36,37,38,30,31,32,33,34,35,36,37,38,39,40,41,42,43,44,45,46,47,47,58,50,51,52,53,54,55,56,57,58,59,60,61,62,63,64,65,66,67,68,69,70,71,72,73,74,75,76,77,78,78,80,81,82,83,84,85,86,87,87,89
1,2,3,4,5,5,5,6,7,8,0,1,2,3,4,5,6,7,8,9,10,11,12,13,14,15,16,17,18,19,20,21,22,23,24,25,25,36,37,38,30,31,32,33,34,35,36,37,38,39,40,41,42,43,44,45,46,47,47,58,50,51,52,53,54,55,56,57,58,59,60,61,62,63,64,65,66,67,68,69,70,71,72,73,74,75,76,77,78,78,80,81,82,83,84,85,86,87,87,89
1,2,3,4,5,6,6,6,7,8,0,1,2,3,4,5,6,7,8,9,10,11,12,13,14,15,16,17,18,19,20,21,22,23,24,25,26,27,28,29,30,31,32,33,34,35,36,37,38,39,40,41,42,43,44,45,46,47,47,58,50,51,52,53,54,55,56,57,58,59,60,61,62,63,64,65,66,67,68,69,70,71,72,73,74,75,76,77,78,78,80,81,82,83,84,85,86,87,87,89
1,2,3,4,5,6,7,7,7,8,0,1,2,3,4,5,6,7,8,9,10,11,12,13,14,15,16,17,18,19,20,21,22,23,24,25,26,27,28,29,30,31,32,33,34,35,36,37,38,39,40,41,42,43,44,45,46,47,47,58,50,51,52,53,54,55,56,57,58,59,60,61,62,63,64,65,66,67,68,69,70,71,72,73,74,75,76,77,78,78,80,81,82,83,84,85,86,87,87,89
1,2,3,4,5,6,7,8,8,8,0,1,2,3,4,5,6,7,8,9,10,11,12,13,14,15,16,17,18,19,20,21,22,23,24,25,26,27,28,29,30,31,32,33,34,35,36,37,38,39,40,41,42,43,44,45,46,47,48,49,50,51,52,53,54,55,56,57,58,59,60,61,62,63,64,65,66,67,68,69,70,71,72,73,74,75,76,77,78,78,80,81,82,83,84,85,86,87,88,89
1,2,3,4,5,6,7,8,9,9,0,1,2,3,4,5,6,7,8,9,10,11,12,13,14,15,16,17,18,19,20,21,22,23,24,25,26,27,28,29,30,31,32,33,34,35,36,37,38,39,40,41,42,43,44,45,46,47,48,49,50,51,52,53,54,55,56,57,58,59,60,61,62,63,64,65,66,67,68,69,70,71,72,73,74,75,76,77,78,79,80,81,82,83,84,85,86,87,88,89
10,0,1,2,3,4,5,6,7,8,10,10,11,12,13,14,15,16,17,18,10,11,12,13,14,15,16,17,18,19,20,21,22,23,24,25,25,36,37,38,30,31,31,42,43,44,36,37,38,39,40,41,41,43,44,45,46,47,47,58,50,51,52,53,54,55,56,57,58,59,60,61,62,63,64,65,66,67,68,69,70,71,72,73,74,75,76,77,78,78,80,81,82,83,84,85,86,87,87,89
1,11,1,2,3,4,5,6,7,8,11,11,11,12,13,14,15,16,17,18,10,11,12,13,14,15,16,17,18,19,20,21,22,23,24,25,25,36,37,38,30,31,31,42,43,44,36,37,38,39,40,41,41,43,44,45,46,47,47,58,50,51,52,53,54,55,56,57,58,59,60,61,62,63,64,65,66,67,68,69,70,71,72,73,74,75,76,77,78,78,80,81,82,83,84,85,86,87,87,89
1,2,12,2,3,4,5,6,7,8,11,12,12,12,13,14,15,16,17,18,10,11,12,13,14,15,16,17,18,19,20,21,22,23,24,25,25,36,37,38,30,31,32,33,34,35,36,37,38,39,40,41,42,43,44,45,46,47,47,58,50,51,52,53,54,55,56,57,58,59,60,61,62,63,64,65,66,67,68,69,70,71,72,73,74,75,76,77,78,78,80,81,82,83,84,85,86,87,87,89
1,2,3,13,3,4,5,6,7,8,11,12,13,13,13,14,15,16,17,18,10,11,12,13,14,15,16,17,18,19,20,21,22,23,24,25,25,36,37,38,30,31,32,33,34,35,36,37,38,39,40,41,42,43,44,45,46,47,47,58,50,51,52,53,54,55,56,57,58,59,60,61,62,63,64,65,66,67,68,69,70,71,72,73,74,75,76,77,78,78,80,81,82,83,84,85,86,87,87,89
1,2,3,4,14,4,5,6,7,8,11,12,13,14,14,14,15,16,17,18,10,11,12,13,14,15,16,17,18,19,20,21,22,23,24,25,25,36,37,38,30,31,32,33,34,35,36,37,38,39,40,41,42,43,44,45,46,47,47,58,50,51,52,53,54,55,56,57,58,59,60,61,62,63,64,65,66,67,68,69,70,71,72,73,74,75,76,77,78,78,80,81,82,83,84,85,86,87,87,89
1,2,3,4,5,15,5,6,7,8,11,12,13,14,15,15,15,16,17,18,10,11,12,13,14,15,16,17,18,19,20,21,22,23,24,25,25,36,37,38,30,31,32,33,34,35,36,37,38,39,40,41,42,43,44,45,46,47,47,58,50,51,52,53,54,55,56,57,58,59,60,61,62,63,64,65,66,67,68,69,70,71,72,73,74,75,76,77,78,78,80,81,82,83,84,85,86,87,87,89
1,2,3,4,5,6,16,6,7,8,11,12,13,14,15,16,16,16,17,18,10,11,12,13,14,15,16,17,18,19,20,21,22,23,24,25,26,27,28,29,30,31,32,33,34,35,36,37,38,39,40,41,42,43,44,45,46,47,47,58,50,51,52,53,54,55,56,57,58,59,60,61,62,63,64,65,66,67,68,69,70,71,72,73,74,75,76,77,78,78,80,81,82,83,84,85,86,87,87,89
1,2,3,4,5,6,7,17,7,8,11,12,13,14,15,16,17,17,17,18,10,11,12,13,14,15,16,17,18,19,20,21,22,23,24,25,26,27,28,29,30,31,32,33,34,35,36,37,38,39,40,41,42,43,44,45,46,47,47,58,50,51,52,53,54,55,56,57,58,59,60,61,62,63,64,65,66,67,68,69,70,71,72,73,74,75,76,77,78,78,80,81,82,83,84,85,86,87,87,89
1,2,3,4,5,6,7,8,18,8,11,12,13,14,15,16,17,18,18,18,10,11,12,13,14,15,16,17,18,19,20,21,22,23,24,25,26,27,28,29,30,31,32,33,34,35,36,37,38,39,40,41,42,43,44,45,46,47,48,49,50,51,52,53,54,55,56,57,58,59,60,61,62,63,64,65,66,67,68,69,70,71,72,73,74,75,76,77,78,78,80,81,82,83,84,85,86,87,88,89
1,2,3,4,5,6,7,8,9,19,11,12,13,14,15,16,17,18,19,19,10,11,12,13,14,15,16,17,18,19,20,21,22,23,24,25,26,27,28,29,30,31,32,33,34,35,36,37,38,39,40,41,42,43,44,45,46,47,48,49,50,51,52,53,54,55,56,57,58,59,60,61,62,63,64,65,66,67,68,69,70,71,72,73,74,75,76,77,78,79,80,81,82,83,84,85,86,87,88,89
10,0,1,2,3,4,5,6,7,8,20,10,11,12,13,14,15,16,17,18,20,20,21,22,23,24,25,26,27,28,20,21,22,23,24,25,25,36,37,38,30,31,31,42,43,44,36,37,38,39,40,41,41,43,44,45,46,47,47,58,50,51,52,53,54,55,56,57,58,59,60,61,62,63,64,65,66,67,68,69,70,71,72,73,74,75,76,77,78,78,80,81,82,83,84,85,86,87,87,89
1,11,1,2,3,4,5,6,7,8,11,21,11,12,13,14,15,16,17,18,21,21,21,22,23,24,25,26,27,28,20,21,22,23,24,25,25,36,37,38,30,31,31,42,43,44,36,37,38,39,40,41,41,43,44,45,46,47,47,58,50,51,52,53,54,55,56,57,58,59,60,61,62,63,64,65,66,67,68,69,70,71,72,73,74,75,76,77,78,78,80,81,82,83,84,85,86,87,87,89
1,2,12,2,3,4,5,6,7,8,11,12,22,12,13,14,15,16,17,18,21,22,22,22,23,24,25,26,27,28,20,21,22,23,24,25,25,36,37,38,30,31,32,33,34,35,36,37,38,39,40,41,42,43,44,45,46,47,47,58,50,51,52,53,54,55,56,57,58,59,60,61,62,63,64,65,66,67,68,69,70,71,72,73,74,75,76,77,78,78,80,81,82,83,84,85,86,87,87,89
1,2,3,13,3,4,5,6,7,8,11,12,13,23,13,14,15,16,17,18,21,22,23,23,23,24,25,26,27,28,20,21,22,23,24,25,25,36,37,38,30,31,32,33,34,35,36,37,38,39,40,41,42,43,44,45,46,47,47,58,50,51,52,53,54,55,56,57,58,59,60,61,62,63,64,65,66,67,68,69,70,71,72,73,74,75,76,77,78,78,80,81,82,83,84,85,86,87,87,89
1,2,3,4,14,4,5,6,7,8,11,12,13,14,24,14,15,16,17,18,21,22,23,24,24,24,25,26,27,28,20,21,22,23,24,25,25,36,37,38,30,31,32,33,34,35,36,37,38,39,40,41,42,43,44,45,46,47,47,58,50,51,52,53,54,55,56,57,58,59,60,61,62,63,64,65,66,67,68,69,70,71,72,73,74,75,76,77,78,78,80,81,82,83,84,85,86,87,87,89
1,2,3,4,5,15,5,6,7,8,11,12,13,14,15,25,15,16,17,18,21,22,23,24,25,25,25,26,27,28,20,21,22,23,24,25,25,36,37,38,30,31,32,33,34,35,36,37,38,39,40,41,42,43,44,45,46,47,47,58,50,51,52,53,54,55,56,57,58,59,60,61,62,63,64,65,66,67,68,69,70,71,72,73,74,75,76,77,78,78,80,81,82,83,84,85,86,87,87,89
1,2,3,4,5,6,16,6,7,8,11,12,13,14,15,16,26,16,17,18,21,22,23,24,25,26,26,26,27,28,20,21,22,23,24,25,26,27,28,29,30,31,32,33,34,35,36,37,38,39,40,41,42,43,44,45,46,47,47,58,50,51,52,53,54,55,56,57,58,59,60,61,62,63,64,65,66,67,68,69,70,71,72,73,74,75,76,77,78,78,80,81,82,83,84,85,86,87,87,89
1,2,3,4,5,6,7,17,7,8,11,12,13,14,15,16,17,27,17,18,21,22,23,24,25,26,27,27,27,28,20,21,22,23,24,25,26,27,28,29,30,31,32,33,34,35,36,37,38,39,40,41,42,43,44,45,46,47,47,58,50,51,52,53,54,55,56,57,58,59,60,61,62,63,64,65,66,67,68,69,70,71,72,73,74,75,76,77,78,78,80,81,82,83,84,85,86,87,87,89
1,2,3,4,5,6,7,8,18,8,11,12,13,14,15,16,17,18,28,18,21,22,23,24,25,26,27,28,28,28,20,21,22,23,24,25,26,27,28,29,30,31,32,33,34,35,36,37,38,39,40,41,42,43,44,45,46,47,48,49,50,51,52,53,54,55,56,57,58,59,60,61,62,63,64,65,66,67,68,69,70,71,72,73,74,75,76,77,78,78,80,81,82,83,84,85,86,87,88,89
1,2,3,4,5,6,7,8,9,19,11,12,13,14,15,16,17,18,19,29,21,22,23,24,25,26,27,28,29,29,20,21,22,23,24,25,26,27,28,29,30,31,32,33,34,35,36,37,38,39,40,41,42,43,44,45,46,47,48,49,50,51,52,53,54,55,56,57,58,59,60,61,62,63,64,65,66,67,68,69,70,71,72,73,74,75,76,77,78,79,80,81,82,83,84,85,86,87,88,89
10,0,1,2,3,4,5,6,7,8,20,10,11,12,13,14,15,16,17,18,30,20,21,22,23,24,25,26,27,28,30,30,31,32,33,34,35,36,37,38,30,31,31,42,43,44,45,46,47,48,40,41,41,43,44,45,46,47,47,58,50,51,52,53,54,55,56,57,58,59,60,61,62,63,64,65,66,67,68,69,70,71,72,73,74,75,76,77,78,78,80,81,82,83,84,85,86,87,87,89
1,11,1,2,3,4,5,6,7,8,11,21,11,12,13,14,15,16,17,18,21,31,21,22,23,24,25,26,27,28,31,31,31,32,33,34,35,36,37,38,30,31,31,42,43,44,45,46,47,48,40,41,41,43,44,45,46,47,47,58,50,51,52,53,54,55,56,57,58,59,60,61,62,63,64,65,66,67,68,69,70,71,72,73,74,75,76,77,78,78,80,81,82,83,84,85,86,87,87,89
1,2,12,2,3,4,5,6,7,8,11,12,22,12,13,14,15,16,17,18,21,22,32,22,23,24,25,26,27,28,31,32,32,32,33,34,35,36,37,38,30,31,32,33,34,35,36,37,38,39,40,41,42,43,44,45,46,47,47,58,50,51,52,53,54,55,56,57,58,59,60,61,62,63,64,65,66,67,68,69,70,71,72,73,74,75,76,77,78,78,80,81,82,83,84,85,86,87,87,89
1,2,3,13,3,4,5,6,7,8,11,12,13,23,13,14,15,16,17,18,21,22,23,33,23,24,25,26,27,28,31,32,33,33,33,34,35,36,37,38,30,31,32,33,34,35,36,37,38,39,40,41,42,43,44,45,46,47,47,58,50,51,52,53,54,55,56,57,58,59,60,61,62,63,64,65,66,67,68,69,70,71,72,73,74,75,76,77,78,78,80,81,82,83,84,85,86,87,87,89
1,2,3,4,14,4,5,6,7,8,11,12,13,14,24,14,15,16,17,18,21,22,23,24,34,24,25,26,27,28,31,32,33,34,34,34,35,36,37,38,30,31,32,33,34,35,36,37,38,39,40,41,42,43,44,45,46,47,47,58,50,51,52,53,54,55,56,57,58,59,60,61,62,63,64,65,66,67,68,69,70,71,72,73,74,75,76,77,78,78,80,81,82,83,84,85,86,87,87,89
1,2,3,4,5,15,5,6,7,8,11,12,13,14,15,25,15,16,17,18,21,22,23,24,25,35,25,26,27,28,31,32,33,34,35,35,35,36,37,38,30,31,32,33,34,35,36,37,38,39,40,41,42,43,44,45,46,47,47,58,50,51,52,53,54,55,56,57,58,59,60,61,62,63,64,65,66,67,68,69,70,71,72,73,74,75,76,77,78,78,80,81,82,83,84,85,86,87,87,89
1,2,3,4,5,15,16,6,7,8,11,12,13,14,15,25,26,16,17,18,21,22,23,24,25,36,36,26,27,28,31,32,33,34,35,36,36,36,37,38,30,31,32,33,34,35,36,37,38,39,40,41,42,43,44,45,46,47,47,58,50,51,52,53,54,55,56,57,58,59,60,61,62,63,64,65,66,67,68,69,70,71,72,73,74,75,76,77,78,78,80,81,82,83,84,85,86,87,87,89
1,2,3,4,5,15,7,17,7,8,11,12,13,14,15,25,17,27,17,18,21,22,23,24,25,36,27,37,27,28,31,32,33,34,35,36,37,37,37,38,30,31,32,33,34,35,36,37,38,39,40,41,42,43,44,45,46,47,47,58,50,51,52,53,54,55,56,57,58,59,60,61,62,63,64,65,66,67,68,69,70,71,72,73,74,75,76,77,78,78,80,81,82,83,84,85,86,87,87,89
1,2,3,4,5,15,7,8,18,8,11,12,13,14,15,25,17,18,28,18,21,22,23,24,25,36,27,28,38,28,31,32,33,34,35,36,37,38,38,38,30,31,32,33,34,35,36,37,38,39,40,41,42,43,44,45,46,47,48,49,50,51,52,53,54,55,56,57,58,59,60,61,62,63,64,65,66,67,68,69,70,71,72,73,74,75,76,77,78,78,80,81,82,83,84,85,86,87,88,89
1,2,3,4,5,15,7,8,9,19,11,12,13,14,15,25,17,18,19,29,21,22,23,24,25,36,27,28,29,39,31,32,33,34,35,36,37,38,39,39,30,31,32,33,34,35,36,37,38,39,40,41,42,43,44,45,46,47,48,49,50,51,52,53,54,55,56,57,58,59,60,61,62,63,64,65,66,67,68,69,70,71,72,73,74,75,76,77,78,79,80,81,82,83,84,85,86,87,88,89
10,0,1,2,3,4,5,6,7,8,20,10,11,12,13,14,15,16,17,18,30,20,21,22,23,24,25,26,27,28,40,30,31,32,33,34,35,36,37,38,40,40,41,42,43,44,45,46,47,48,40,41,41,52,53,54,55,56,47,58,50,51,52,53,54,55,56,57,58,59,60,61,62,63,64,65,66,67,68,69,70,71,72,73,74,75,76,77,78,78,80,81,82,83,84,85,86,87,87,89
1,11,1,2,3,4,5,6,7,8,11,21,11,12,13,14,15,16,17,18,21,31,21,22,23,24,25,26,27,28,31,41,31,32,33,34,35,36,37,38,41,41,41,42,43,44,45,46,47,48,40,41,41,52,53,54,55,56,47,58,50,51,52,53,54,55,56,57,58,59,60,61,62,63,64,65,66,67,68,69,70,71,72,73,74,75,76,77,78,78,80,81,82,83,84,85,86,87,87,89
1,11,12,2,3,4,5,6,7,8,11,21,22,12,13,14,15,16,17,18,21,31,32,22,23,24,25,26,27,28,31,42,42,32,33,34,35,36,37,38,41,42,42,42,43,44,45,46,47,48,40,41,42,43,44,45,46,47,47,58,50,51,52,53,54,55,56,57,58,59,60,61,62,63,64,65,66,67,68,69,70,71,72,73,74,75,76,77,78,78,80,81,82,83,84,85,86,87,87,89
1,11,3,13,3,4,5,6,7,8,11,21,13,23,13,14,15,16,17,18,21,31,23,33,23,24,25,26,27,28,31,42,33,43,33,34,35,36,37,38,41,42,43,43,43,44,45,46,47,48,40,41,42,43,44,45,46,47,47,58,50,51,52,53,54,55,56,57,58,59,60,61,62,63,64,65,66,67,68,69,70,71,72,73,74,75,76,77,78,78,80,81,82,83,84,85,86,87,87,89
1,11,3,4,14,4,5,6,7,8,11,21,13,14,24,14,15,16,17,18,21,31,23,24,34,24,25,26,27,28,31,42,33,34,44,34,35,36,37,38,41,42,43,44,44,44,45,46,47,48,40,41,42,43,44,45,46,47,47,58,50,51,52,53,54,55,56,57,58,59,60,61,62,63,64,65,66,67,68,69,70,71,72,73,74,75,76,77,78,78,80,81,82,83,84,85,86,87,87,89
1,11,3,4,5,15,5,6,7,8,11,21,13,14,15,25,15,16,17,18,21,31,23,24,25,35,25,26,27,28,31,42,33,34,35,45,35,36,37,38,41,42,43,44,45,45,45,46,47,48,40,41,42,43,44,45,46,47,47,58,50,51,52,53,54,55,56,57,58,59,60,61,62,63,64,65,66,67,68,69,70,71,72,73,74,75,76,77,78,78,80,81,82,83,84,85,86,87,87,89
1,2,3,4,5,15,16,6,7,8,11,12,13,14,15,25,26,16,17,18,21,22,23,24,25,36,36,26,27,28,31,42,33,34,35,36,46,36,37,38,41,42,43,44,45,46,46,46,47,48,40,41,42,43,44,45,46,47,47,58,50,51,52,53,54,55,56,57,58,59,60,61,62,63,64,65,66,67,68,69,70,71,72,73,74,75,76,77,78,78,80,81,82,83,84,85,86,87,87,89
1,2,3,4,5,15,7,17,7,8,11,12,13,14,15,25,17,27,17,18,21,22,23,24,25,36,27,37,27,28,31,42,33,34,35,36,37,47,37,38,41,42,43,44,45,46,47,47,47,48,40,41,42,43,44,45,46,47,47,58,50,51,52,53,54,55,56,57,58,59,60,61,62,63,64,65,66,67,68,69,70,71,72,73,74,75,76,77,78,78,80,81,82,83,84,85,86,87,87,89
1,2,3,4,5,15,7,8,18,8,11,12,13,14,15,25,17,18,28,18,21,22,23,24,25,36,27,28,38,28,31,42,33,34,35,36,37,38,48,38,41,42,43,44,45,46,47,48,48,48,40,41,42,43,44,45,46,47,48,49,50,51,52,53,54,55,56,57,58,59,60,61,62,63,64,65,66,67,68,69,70,71,72,73,74,75,76,77,78,78,80,81,82,83,84,85,86,87,88,89
1,2,3,4,5,15,7,8,9,19,11,12,13,14,15,25,17,18,19,29,21,22,23,24,25,36,27,28,29,39,31,42,33,34,35,36,37,38,39,49,41,42,43,44,45,46,47,48,49,49,40,41,42,43,44,45,46,47,48,49,50,51,52,53,54,55,56,57,58,59,60,61,62,63,64,65,66,67,68,69,70,71,72,73,74,75,76,77,78,79,80,81,82,83,84,85,86,87,88,89
10,0,1,2,3,4,5,6,7,8,20,10,11,12,13,14,15,16,17,18,30,20,21,22,23,24,25,26,27,28,40,30,31,32,33,34,35,36,37,38,50,40,41,42,43,44,45,46,47,48,50,50,51,52,53,54,55,56,57,58,50,51,52,53,54,55,56,57,58,59,60,61,62,63,64,65,66,67,68,69,70,71,72,73,74,75,76,77,78,78,80,81,82,83,84,85,86,87,87,89
1,11,1,2,3,4,5,6,7,8,11,21,11,12,13,14,15,16,17,18,21,31,21,22,23,24,25,26,27,28,31,41,31,32,33,34,35,36,37,38,41,51,41,42,43,44,45,46,47,48,51,51,51,52,53,54,55,56,57,58,50,51,52,53,54,55,56,57,58,59,60,61,62,63,64,65,66,67,68,69,70,71,72,73,74,75,76,77,78,78,80,81,82,83,84,85,86,87,87,89
1,11,12,2,3,4,5,6,7,8,11,21,22,12,13,14,15,16,17,18,21,31,32,22,23,24,25,26,27,28,31,41,42,32,33,34,35,36,37,38,41,52,52,42,43,44,45,46,47,48,51,52,52,52,53,54,55,56,57,58,50,51,52,53,54,55,56,57,58,59,60,61,62,63,64,65,66,67,68,69,70,71,72,73,74,75,76,77,78,78,80,81,82,83,84,85,86,87,87,89
1,11,3,13,3,4,5,6,7,8,11,21,13,23,13,14,15,16,17,18,21,31,23,33,23,24,25,26,27,28,31,42,33,43,33,34,35,36,37,38,41,52,43,53,43,44,45,46,47,48,51,52,53,53,53,54,55,56,57,58,50,51,52,53,54,55,56,57,58,59,60,61,62,63,64,65,66,67,68,69,70,71,72,73,74,75,76,77,78,78,80,81,82,83,84,85,86,87,87,89
1,11,3,4,14,4,5,6,7,8,11,21,13,14,24,14,15,16,17,18,21,31,23,24,34,24,25,26,27,28,31,42,33,34,44,34,35,36,37,38,41,52,43,44,54,44,45,46,47,48,51,52,53,54,54,54,55,56,57,58,50,51,52,53,54,55,56,57,58,59,60,61,62,63,64,65,66,67,68,69,70,71,72,73,74,75,76,77,78,78,80,81,82,83,84,85,86,87,87,89
1,11,3,4,5,15,5,6,7,8,11,21,13,14,15,25,15,16,17,18,21,31,23,24,25,35,25,26,27,28,31,42,33,34,35,45,35,36,37,38,41,52,43,44,45,55,45,46,47,48,51,52,53,54,55,55,55,56,57,58,50,51,52,53,54,55,56,57,58,59,60,61,62,63,64,65,66,67,68,69,70,71,72,73,74,75,76,77,78,78,80,81,82,83,84,85,86,87,87,89
1,2,3,4,5,15,16,6,7,8,11,12,13,14,15,25,26,16,17,18,21,22,23,24,25,36,36,26,27,28,31,42,33,34,35,36,46,36,37,38,41,52,43,44,45,46,56,46,47,48,51,52,53,54,55,56,56,56,57,58,50,51,52,53,54,55,56,57,58,59,60,61,62,63,64,65,66,67,68,69,70,71,72,73,74,75,76,77,78,78,80,81,82,83,84,85,86,87,87,89
1,2,3,4,5,15,7,17,7,8,11,12,13,14,15,25,17,27,17,18,21,22,23,24,25,36,27,37,27,28,31,42,33,34,35,36,37,47,37,38,41,52,43,44,45,46,47,57,47,48,51,52,53,54,55,56,57,57,57,58,50,51,52,53,54,55,56,57,58,59,60,61,62,63,64,65,66,67,68,69,70,71,72,73,74,75,76,77,78,78,80,81,82,83,84,85,86,87,87,89
1,2,3,4,5,15,7,17,18,8,11,12,13,14,15,25,17,27,28,18,21,22,23,24,25,36,27,37,38,28,31,42,33,34,35,36,37,47,48,38,41,42,43,44,45,46,47,58,58,48,51,52,53,54,55,56,57,58,58,58,50,51,52,53,54,55,56,57,58,59,60,61,62,63,64,65,66,67,68,69,70,71,72,73,74,75,76,77,78,78,80,81,82,83,84,85,86,87,88,89
1,2,3,4,5,15,7,17,9,19,11,12,13,14,15,25,17,27,19,29,21,22,23,24,25,36,27,37,29,39,31,42,33,34,35,36,37,47,39,49,41,42,43,44,45,46,47,58,49,59,51,52,53,54,55,56,57,58,59,59,50,51,52,53,54,55,56,57,58,59,60,61,62,63,64,65,66,67,68,69,70,71,72,73,74,75,76,77,78,79,80,81,82,83,84,85,86,87,88,89
10,0,1,2,3,4,5,6,7,8,20,10,11,12,13,14,15,16,17,18,30,20,21,22,23,24,25,26,27,28,40,30,31,32,33,34,35,36,37,38,50,40,41,42,43,44,45,46,47,48,60,50,51,52,53,54,55,56,57,58,60,60,61,62,63,64,65,66,67,68,60,61,62,63,64,65,66,67,68,69,70,71,72,73,74,75,76,77,78,78,80,81,82,83,84,85,86,87,87,89
1,11,1,2,3,4,5,6,7,8,11,21,11,12,13,14,15,16,17,18,21,31,21,22,23,24,25,26,27,28,31,41,31,32,33,34,35,36,37,38,41,51,41,42,43,44,45,46,47,48,51,61,51,52,53,54,55,56,57,58,61,61,61,62,63,64,65,66,67,68,60,61,62,63,64,65,66,67,68,69,70,71,72,73,74,75,76,77,78,78,80,81,82,83,84,85,86,87,87,89
1,11,12,2,3,4,5,6,7,8,11,21,22,12,13,14,15,16,17,18,21,31,32,22,23,24,25,26,27,28,31,41,42,32,33,34,35,36,37,38,41,52,52,42,43,44,45,46,47,48,51,52,62,52,53,54,55,56,57,58,61,62,62,62,63,64,65,66,67,68,60,61,62,63,64,65,66,67,68,69,70,71,72,73,74,75,76,77,78,78,80,81,82,83,84,85,86,87,87,89
1,11,3,13,3,4,5,6,7,8,11,21,13,23,13,14,15,16,17,18,21,31,23,33,23,24,25,26,27,28,31,42,33,43,33,34,35,36,37,38,41,52,43,53,43,44,45,46,47,48,51,52,53,63,53,54,55,56,57,58,61,62,63,63,63,64,65,66,67,68,60,61,62,63,64,65,66,67,68,69,70,71,72,73,74,75,76,77,78,78,80,81,82,83,84,85,86,87,87,89
1,11,3,4,14,4,5,6,7,8,11,21,13,14,24,14,15,16,17,18,21,31,23,24,34,24,25,26,27,28,31,42,33,34,44,34,35,36,37,38,41,52,43,44,54,44,45,46,47,48,51,52,53,54,64,54,55,56,57,58,61,62,63,64,64,64,65,66,67,68,60,61,62,63,64,65,66,67,68,69,70,71,72,73,74,75,76,77,78,78,80,81,82,83,84,85,86,87,87,89
1,11,3,4,5,15,5,6,7,8,11,21,13,14,15,25,15,16,17,18,21,31,23,24,25,35,25,26,27,28,31,42,33,34,35,45,35,36,37,38,41,52,43,44,45,55,45,46,47,48,51,52,53,54,55,65,55,56,57,58,61,62,63,64,65,65,65,66,67,68,60,61,62,63,64,65,66,67,68,69,70,71,72,73,74,75,76,77,78,78,80,81,82,83,84,85,86,87,87,89
1,2,3,4,5,15,16,6,7,8,11,12,13,14,15,25,26,16,17,18,21,22,23,24,25,36,36,26,27,28,31,42,33,34,35,36,46,36,37,38,41,52,43,44,45,46,56,46,47,48,51,52,53,54,55,56,66,56,57,58,61,62,63,64,65,66,66,66,67,68,60,61,62,63,64,65,66,67,68,69,70,71,72,73,74,75,76,77,78,78,80,81,82,83,84,85,86,87,87,89
1,2,3,4,5,15,7,17,7,8,11,12,13,14,15,25,17,27,17,18,21,22,23,24,25,36,27,37,27,28,31,42,33,34,35,36,37,47,37,38,41,52,43,44,45,46,47,57,47,48,51,52,53,54,55,56,57,67,57,58,61,62,63,64,65,66,67,67,67,68,60,61,62,63,64,65,66,67,68,69,70,71,72,73,74,75,76,77,78,78,80,81,82,83,84,85,86,87,87,89
1,2,3,4,5,15,7,17,18,8,11,12,13,14,15,25,17,27,28,18,21,22,23,24,25,36,27,37,38,28,31,42,33,34,35,36,37,47,48,38,41,42,43,44,45,46,47,58,58,48,51,52,53,54,55,56,57,58,68,58,61,62,63,64,65,66,67,68,68,68,60,61,62,63,64,65,66,67,68,69,70,71,72,73,74,75,76,77,78,78,80,81,82,83,84,85,86,87,88,89
1,2,3,4,5,15,7,17,9,19,11,12,13,14,15,25,17,27,19,29,21,22,23,24,25,36,27,37,29,39,31,42,33,34,35,36,37,47,39,49,41,42,43,44,45,46,47,58,49,59,51,52,53,54,55,56,57,58,59,69,61,62,63,64,65,66,67,68,69,69,60,61,62,63,64,65,66,67,68,69,70,71,72,73,74,75,76,77,78,79,80,81,82,83,84,85,86,87,88,89
10,0,1,2,3,4,5,6,7,8,20,10,11,12,13,14,15,16,17,18,30,20,21,22,23,24,25,26,27,28,40,30,31,32,33,34,35,36,37,38,50,40,41,42,43,44,45,46,47,48,60,50,51,52,53,54,55,56,57,58,70,60,61,62,63,64,65,66,67,68,70,70,71,72,73,74,75,76,77,78,70,71,72,73,74,75,76,77,78,78,80,81,82,83,84,85,86,87,87,89
1,11,1,2,3,4,5,6,7,8,11,21,11,12,13,14,15,16,17,18,21,31,21,22,23,24,25,26,27,28,31,41,31,32,33,34,35,36,37,38,41,51,41,42,43,44,45,46,47,48,51,61,51,52,53,54,55,56,57,58,61,71,61,62,63,64,65,66,67,68,71,71,71,72,73,74,75,76,77,78,70,71,72,73,74,75,76,77,78,78,80,81,82,83,84,85,86,87,87,89
1,11,12,2,3,4,5,6,7,8,11,21,22,12,13,14,15,16,17,18,21,31,32,22,23,24,25,26,27,28,31,41,42,32,33,34,35,36,37,38,41,52,52,42,43,44,45,46,47,48,51,52,62,52,53,54,55,56,57,58,61,62,72,62,63,64,65,66,67,68,71,72,72,72,73,74,75,76,77,78,70,71,72,73,74,75,76,77,78,78,80,81,82,83,84,85,86,87,87,89
1,11,3,13,3,4,5,6,7,8,11,21,13,23,13,14,15,16,17,18,21,31,23,33,23,24,25,26,27,28,31,42,33,43,33,34,35,36,37,38,41,52,43,53,43,44,45,46,47,48,51,52,53,63,53,54,55,56,57,58,61,62,63,73,63,64,65,66,67,68,71,72,73,73,73,74,75,76,77,78,70,71,72,73,74,75,76,77,78,78,80,81,82,83,84,85,86,87,87,89
1,11,3,4,14,4,5,6,7,8,11,21,13,14,24,14,15,16,17,18,21,31,23,24,34,24,25,26,27,28,31,42,33,34,44,34,35,36,37,38,41,52,43,44,54,44,45,46,47,48,51,52,53,54,64,54,55,56,57,58,61,62,63,64,74,64,65,66,67,68,71,72,73,74,74,74,75,76,77,78,70,71,72,73,74,75,76,77,78,78,80,81,82,83,84,85,86,87,87,89
1,11,3,4,5,15,5,6,7,8,11,21,13,14,15,25,15,16,17,18,21,31,23,24,25,35,25,26,27,28,31,42,33,34,35,45,35,36,37,38,41,52,43,44,45,55,45,46,47,48,51,52,53,54,55,65,55,56,57,58,61,62,63,64,65,75,65,66,67,68,71,72,73,74,75,75,75,76,77,78,70,71,72,73,74,75,76,77,78,78,80,81,82,83,84,85,86,87,87,89
1,2,3,4,5,15,16,6,7,8,11,12,13,14,15,25,26,16,17,18,21,22,23,24,25,36,36,26,27,28,31,42,33,34,35,36,46,36,37,38,41,52,43,44,45,46,56,46,47,48,51,52,53,54,55,56,66,56,57,58,61,62,63,64,65,66,76,66,67,68,71,72,73,74,75,76,76,76,77,78,70,71,72,73,74,75,76,77,78,78,80,81,82,83,84,85,86,87,87,89
1,2,3,4,5,15,7,17,7,8,11,12,13,14,15,25,17,27,17,18,21,22,23,24,25,36,27,37,27,28,31,42,33,34,35,36,37,47,37,38,41,52,43,44,45,46,47,57,47,48,51,52,53,54,55,56,57,67,57,58,61,62,63,64,65,66,67,77,67,68,71,72,73,74,75,76,77,77,77,78,70,71,72,73,74,75,76,77,78,78,80,81,82,83,84,85,86,87,87,89
1,2,3,4,5,15,7,17,18,8,11,12,13,14,15,25,17,27,28,18,21,22,23,24,25,36,27,37,38,28,31,42,33,34,35,36,37,47,48,38,41,42,43,44,45,46,47,58,58,48,51,52,53,54,55,56,57,58,68,58,61,62,63,64,65,66,67,68,78,68,71,72,73,74,75,76,77,78,78,78,70,71,72,73,74,75,76,77,78,78,80,81,82,83,84,85,86,87,88,89
1,2,3,4,5,15,7,17,9,19,11,12,13,14,15,25,17,27,19,29,21,22,23,24,25,36,27,37,29,39,31,42,33,34,35,36,37,47,39,49,41,42,43,44,45,46,47,58,49,59,51,52,53,54,55,56,57,58,59,69,61,62,63,64,65,66,67,68,69,79,71,72,73,74,75,76,77,78,79,79,70,71,72,73,74,75,76,77,78,79,80,81,82,83,84,85,86,87,88,89
10,0,1,2,3,4,5,6,7,8,20,10,11,12,13,14,15,16,17,18,30,20,21,22,23,24,25,26,27,28,40,30,31,32,33,34,35,36,37,38,50,40,41,42,43,44,45,46,47,48,60,50,51,52,53,54,55,56,57,58,70,60,61,62,63,64,65,66,67,68,80,70,71,72,73,74,75,76,77,78,80,80,81,82,83,84,85,86,87,88,80,81,82,83,84,85,86,87,87,98
1,11,1,2,3,4,5,6,7,8,11,21,11,12,13,14,15,16,17,18,21,31,21,22,23,24,25,26,27,28,31,41,31,32,33,34,35,36,37,38,41,51,41,42,43,44,45,46,47,48,51,61,51,52,53,54,55,56,57,58,61,71,61,62,63,64,65,66,67,68,71,81,71,72,73,74,75,76,77,78,81,81,81,82,83,84,85,86,87,88,80,81,82,83,84,85,86,87,87,98
1,11,12,2,3,4,5,6,7,8,11,21,22,12,13,14,15,16,17,18,21,31,32,22,23,24,25,26,27,28,31,41,42,32,33,34,35,36,37,38,41,52,52,42,43,44,45,46,47,48,51,52,62,52,53,54,55,56,57,58,61,62,72,62,63,64,65,66,67,68,71,72,82,72,73,74,75,76,77,78,81,82,82,82,83,84,85,86,87,88,80,81,82,83,84,85,86,87,87,98
1,11,3,13,3,4,5,6,7,8,11,21,13,23,13,14,15,16,17,18,21,31,23,33,23,24,25,26,27,28,31,42,33,43,33,34,35,36,37,38,41,52,43,53,43,44,45,46,47,48,51,52,53,63,53,54,55,56,57,58,61,62,63,73,63,64,65,66,67,68,71,72,73,83,73,74,75,76,77,78,81,82,83,83,83,84,85,86,87,88,80,81,82,83,84,85,86,87,87,98
1,11,3,4,14,4,5,6,7,8,11,21,13,14,24,14,15,16,17,18,21,31,23,24,34,24,25,26,27,28,31,42,33,34,44,34,35,36,37,38,41,52,43,44,54,44,45,46,47,48,51,52,53,54,64,54,55,56,57,58,61,62,63,64,74,64,65,66,67,68,71,72,73,74,84,74,75,76,77,78,81,82,83,84,84,84,85,86,87,88,80,81,82,83,84,85,86,87,87,98
1,11,3,4,5,15,5,6,7,8,11,21,13,14,15,25,15,16,17,18,21,31,23,24,25,35,25,26,27,28,31,42,33,34,35,45,35,36,37,38,41,52,43,44,45,55,45,46,47,48,51,52,53,54,55,65,55,56,57,58,61,62,63,64,65,75,65,66,67,68,71,72,73,74,75,85,75,76,77,78,81,82,83,84,85,85,85,86,87,88,80,81,82,83,84,85,86,87,87,98
1,2,3,4,5,15,16,6,7,8,11,12,13,14,15,25,26,16,17,18,21,22,23,24,25,36,36,26,27,28,31,42,33,34,35,36,46,36,37,38,41,52,43,44,45,46,56,46,47,48,51,52,53,54,55,56,66,56,57,58,61,62,63,64,65,66,76,66,67,68,71,72,73,74,75,76,86,76,77,78,81,82,83,84,85,86,86,86,87,88,80,81,82,83,84,85,86,87,87,98
1,2,3,4,5,15,7,17,7,8,11,12,13,14,15,25,17,27,17,18,21,22,23,24,25,36,27,37,27,28,31,42,33,34,35,36,37,47,37,38,41,52,43,44,45,46,47,57,47,48,51,52,53,54,55,56,57,67,57,58,61,62,63,64,65,66,67,77,67,68,71,72,73,74,75,76,77,87,77,78,81,82,83,84,85,86,87,87,87,88,80,81,82,83,84,85,86,87,87,98
1,2,3,4,5,15,7,17,18,8,11,12,13,14,15,25,17,27,28,18,21,22,23,24,25,36,27,37,38,28,31,42,33,34,35,36,37,47,48,38,41,42,43,44,45,46,47,58,58,48,51,52,53,54,55,56,57,58,68,58,61,62,63,64,65,66,67,68,78,68,71,72,73,74,75,76,77,78,88,78,81,82,83,84,85,86,87,88,88,88,80,81,82,83,84,85,86,87,88,89
1,2,3,4,5,15,7,17,18,19,11,12,13,14,15,25,17,27,28,29,21,22,23,24,25,36,27,37,38,39,31,42,33,34,35,36,37,47,48,49,41,42,43,44,45,46,47,58,58,59,51,52,53,54,55,56,57,58,68,69,61,62,63,64,65,66,67,68,78,79,71,72,73,74,75,76,77,78,89,89,81,82,83,84,85,86,87,88,89,89,80,81,82,83,84,85,86,87,88,89
10,0,1,2,3,4,5,6,7,8,20,10,11,12,13,14,15,16,17,18,30,20,21,22,23,24,25,26,27,28,40,30,31,32,33,34,35,36,37,38,50,40,41,42,43,44,45,46,47,48,60,50,51,52,53,54,55,56,57,58,70,60,61,62,63,64,65,66,67,68,80,70,71,72,73,74,75,76,77,78,90,80,81,82,83,84,85,86,87,88,90,90,91,92,93,94,95,96,97,98
1,11,1,2,3,4,5,6,7,8,11,21,11,12,13,14,15,16,17,18,21,31,21,22,23,24,25,26,27,28,31,41,31,32,33,34,35,36,37,38,41,51,41,42,43,44,45,46,47,48,51,61,51,52,53,54,55,56,57,58,61,71,61,62,63,64,65,66,67,68,71,81,71,72,73,74,75,76,77,78,81,91,81,82,83,84,85,86,87,88,91,91,91,92,93,94,95,96,97,98
1,11,12,2,3,4,5,6,7,8,11,21,22,12,13,14,15,16,17,18,21,31,32,22,23,24,25,26,27,28,31,41,42,32,33,34,35,36,37,38,41,52,52,42,43,44,45,46,47,48,51,52,62,52,53,54,55,56,57,58,61,62,72,62,63,64,65,66,67,68,71,72,82,72,73,74,75,76,77,78,81,82,92,82,83,84,85,86,87,88,91,92,92,92,93,94,95,96,97,98
1,11,3,13,3,4,5,6,7,8,11,21,13,23,13,14,15,16,17,18,21,31,23,33,23,24,25,26,27,28,31,42,33,43,33,34,35,36,37,38,41,52,43,53,43,44,45,46,47,48,51,52,53,63,53,54,55,56,57,58,61,62,63,73,63,64,65,66,67,68,71,72,73,83,73,74,75,76,77,78,81,82,83,93,83,84,85,86,87,88,91,92,93,93,93,94,95,96,97,98
1,11,3,4,14,4,5,6,7,8,11,21,13,14,24,14,15,16,17,18,21,31,23,24,34,24,25,26,27,28,31,42,33,34,44,34,35,36,37,38,41,52,43,44,54,44,45,46,47,48,51,52,53,54,64,54,55,56,57,58,61,62,63,64,74,64,65,66,67,68,71,72,73,74,84,74,75,76,77,78,81,82,83,84,94,84,85,86,87,88,91,92,93,94,94,94,95,96,97,98
1,11,3,4,5,15,5,6,7,8,11,21,13,14,15,25,15,16,17,18,21,31,23,24,25,35,25,26,27,28,31,42,33,34,35,45,35,36,37,38,41,52,43,44,45,55,45,46,47,48,51,52,53,54,55,65,55,56,57,58,61,62,63,64,65,75,65,66,67,68,71,72,73,74,75,85,75,76,77,78,81,82,83,84,85,95,85,86,87,88,91,92,93,94,95,95,95,96,97,98
1,2,3,4,5,15,16,6,7,8,11,12,13,14,15,25,26,16,17,18,21,22,23,24,25,36,36,26,27,28,31,42,33,34,35,36,46,36,37,38,41,52,43,44,45,46,56,46,47,48,51,52,53,54,55,56,66,56,57,58,61,62,63,64,65,66,76,66,67,68,71,72,73,74,75,76,86,76,77,78,81,82,83,84,85,86,96,86,87,88,91,92,93,94,95,96,96,96,97,98
1,2,3,4,5,15,7,17,7,8,11,12,13,14,15,25,17,27,17,18,21,22,23,24,25,36,27,37,27,28,31,42,33,34,35,36,37,47,37,38,41,52,43,44,45,46,47,57,47,48,51,52,53,54,55,56,57,67,57,58,61,62,63,64,65,66,67,77,67,68,71,72,73,74,75,76,77,87,77,78,81,82,83,84,85,86,87,97,87,88,91,92,93,94,95,96,97,97,97,98
1,2,3,4,5,15,7,17,18,8,11,12,13,14,15,25,17,27,28,18,21,22,23,24,25,36,27,37,38,28,31,42,33,34,35,36,37,47,48,38,41,52,43,44,45,46,47,57,58,48,51,52,53,54,55,56,57,67,68,58,61,62,63,64,65,66,67,77,78,68,71,72,73,74,75,76,77,87,88,78,81,82,83,84,85,86,87,98,98,88,91,92,93,94,95,96,97,98,98,98
1,2,3,4,5,15,7,17,18,19,11,12,13,14,15,25,17,27,28,29,21,22,23,24,25,36,27,37,38,39,31,42,33,34,35,36,37,47,48,49,41,42,43,44,45,46,47,58,58,59,51,52,53,54,55,56,57,58,68,69,61,62,63,64,65,66,67,68,78,79,71,72,73,74,75,76,77,78,89,89,81,82,83,84,85,86,87,98,89,99,91,92,93,94,95,96,97,98,99,99